0 37 0
1 57 0
2 77 0
3 97 0
4 62 9
5 63 9
6 64 9
7 65 9
8 72 9
9 73 9
10 80 0
11 81 0
12 84 9
13 85 9
14 90 0
15 91 0
16 92 9
17 93 9
18 94 9
19 95 9
20 98 0
21 88 0
22 78 0
23 68 0
24 48 0
25 38 0
26 89 0
27 69 0
28 59 0
29 39 0
30 d2 4
31 33 8
32 34 8
33 35 8
34 36 8
35 42 8
36 43 8
37 44 8
38 45 8
39 51 0
40 52 0
41 53 0
42 56 0
43 07 0
44 27 0
45 47 0
46 67 0
47 17 0
48 01 0
49 02 0
50 04 0
51 05 0
52 06 0
53 10 0
54 11 0
55 12 8
56 13 8
57 14 8
58 15 8
59 16 8
60 21 0
61 23 8
62 24 8
63 26 8
64 30 0
65 32 8
66 d3 4
67 d4 4
68 d0 4
69 c1 3
70 c0 3
71 b0 2
72 b1 2
73 b2 2
74 a1 1
75 a2 1
76 a4 1
77 a0 1
78 00 0
79 03 0
80 20 0
81 22 8
82 25 8
83 31 0
84 41 0
85 46 8
86 54 0
87 55 0
88 87 0
89 66 9
90 74 9
91 75 9
92 76 9
93 82 9
94 83 9
95 86 9
96 96 9
97 58 0
98 79 0
99 d1 4
100 f6 6
101 f7 6
102 f8 6
103 c2 3
104 c3 3
105 a3 1
106 e0 5
107 e1 5
108 e2 5
109 f0 6
110 f1 6
111 g4 7
112 g1 7
113 g2 7
114 g3 7
115 99 0
116 49 0
117 f2 6
118 71 0
119 f9 6
120 f5 6
121 f4 6
